2474.16
2254.56
2593.96
2573.11
2388.72
2424.69
2392.71
2495.59
2639.56
2631.49
2710.53
2696.74
2838.36
2759.1
2759.26
2850.74
2836.35
2705.39
2757.29
2845.01
2848.11
2771.57
2782.93
2639.65
2641.91
2615.94
2625.78
2542.24
2458.65
2510.84
2437.68
2536.63
2444.6
2439.57
2281.79
2272.13
2221.27
2287.88
2286.64
2223.88
2126.3
2111.23
2142.75
2204.3
2241.23
2211.3
2124.11
2001.68
1948.7
1948.56
2023.79
1914.58
1901.45
1964.45
1862.74
1845.34
1938.91
1957.71
1922.7
1925.3
1838.44
1830.42
1835.22
1758.18
1668.37
1709.91
1756.11
1739.66
1771.68
1929.93
1881.19
1934.7
1872.35
2005.06
2100.88
2171.9
2118.36
2055.32
2013.42
2086.04
2070.24
2113.11
2116.24
2205.25
2183.07
2102.61
2194.04
2209.01
2162.3
2195.52
2130.74
2105.36
2086.98
2067.6
2170.01
2182.56
2201.45
2319.18
2299.75
2250.04
2281.18
2239.92
2136.95
2092.53
2131.12
2164.7
2167.31
2239.86
2208.03
2263.75
2205.41
2133.56
2175.62
2100.74
2017.8
2035.34
2046.04
1974.11
2026.3
2062
2054.34
2022.86
2068.29
2096.88
2129.89
2156.76
2137.1
2122.89
2060.73
2010.97
2043.61
1954.72
2033.22
2068.22
2078.53
2017.47
2035.09
2042.32
2015.23
2043.84
1980.37
1962.68
1980.03
2020.58
2034.11
2023.97
2051.56
2092.52
2079.15
2047.86
2026.84
2015.75
1962.48
1957.34
1963.04
1990.83
1964.2
1899.9
1895.42
1866.29
1883.44
1851.75
1857.52
1863.32
1912.7
1912.67
1875.44
1817.19
1784.26
1802.29
1771.75
1736.2
1694.02
1673.78
1613.83
1591.77
1560.52
1494.94
1395.79
1459.47
1505.52
1514.76
1456.8
1472.56
1491.45
1479.01
1479.27
1602.6
1586.4
1582.93
1604.11
1563.96
1649.55
1690.21
1684.04
1704.75
1752.94
1648.69
1644.49
1666.08
1720.54
1707.52
1708.49
1763.78
1763.42
1682.3
1690.12
1705.52
1741.37
1768.29
1786.92
1821.04
1855.68
1824.73
1826.25
1871.47
1910.45
1891.36
1903.48
1912.48
1926.47
1873.6
1878.91
1914.53
1931.59
1921.6
1898.63
1929.29
1915.13
1917.66
1980.3
2045.22
2043.68
2007.67
2009.93
2007.48
1979.84
1945.18
1950.94
1998.36
1981.65
1969
1941.55
1946.84
1948.77
1967.32
1985.71
1984.31