1  1  1
2  2  1
3  3  0.975
12  3  0.025
4  4  1
5  5  1
6  6  1
7  7  1
8  8  1
9  9  1
10  10  1
11  11  0.05
12  11  0.025
20  11  0.025
3  12  0.025
11  12  0.925
12  12  0.95
13  13  1
14  14  1
15  15  0.05
16  15  0.025
24  15  0.025
15  16  0.925
16  16  0.05
17  16  0.025
16  17  0.925
17  17  0.95
26  17  0.025
18  18  1
19  19  1
11  20  0.025
20  20  0.95
29  20  0.025
21  21  1
22  22  0.05
23  22  0.025
31  22  0.025
22  23  0.925
23  23  0.05
24  23  0.025
15  24  0.025
23  24  0.925
24  24  0.95
25  25  1
17  26  0.025
26  26  0.95
35  26  0.025
27  27  1
28  28  1
20  29  0.025
29  29  0.05
30  29  0.025
29  30  0.925
30  30  0.025
31  30  0.025
39  30  0.025
22  31  0.025
30  31  0.925
31  31  0.95
32  32  1
33  33  1
34  34  0.05
35  34  0.025
43  34  0.025
26  35  0.025
34  35  0.925
35  35  0.95
36  36  1
37  37  1
38  38  1
30  39  0.025
39  39  0.95
48  39  0.025
40  40  1
41  41  1
42  42  1
34  43  0.025
43  43  0.95
52  43  0.025
44  44  1
45  45  1
46  46  1
47  47  1
48  47  0.025
56  47  0.025
39  48  0.025
57  48  0.025
48  49  0.925
49  49  1
58  49  0.025
50  50  1
51  51  1
52  51  0.025
60  51  0.025
43  52  0.025
53  52  0.025
61  52  0.025
52  53  0.925
53  53  0.95
62  53  0.025
54  54  1
55  55  1
56  56  0.025
57  56  0.025
48  57  0.025
56  57  0.925
58  57  0.025
66  57  0.025
57  58  0.925
59  58  0.025
58  59  0.925
59  59  0.05
60  59  0.025
59  60  0.925
61  60  0.025
52  61  0.025
60  61  0.925
62  61  0.025
70  61  0.025
53  62  0.025
61  62  0.925
62  62  0.925
71  62  0.025
63  63  1
64  64  1
56  65  0.025
65  65  1
66  65  0.025
57  66  0.025
66  66  0.025
58  67  0.025
66  67  0.925
67  67  1
68  68  1
60  69  0.025
69  69  1
70  69  0.025
61  70  0.025
71  70  0.025
62  71  0.025
70  71  0.925
71  71  0.95
72  72  1
73  73  1
74  74  1
75  75  1
76  76  1
77  77  1
78  78  1
70  79  0.025
79  79  1
80  80  1
81  81  1
