0.99250000 0.00030000 0.00030000 0.00030000 0.00030000 0.00030000 0.00030000 0.00030000 0.00030000 0.00030000 0.00030000 0.00030000 0.00030000 0.00030000 0.00030000 0.00030000 0.00030000 0.00030000 0.00030000 0.00030000 0.00030000 0.00030000 0.00030000 0.00030000 0.00030000 0.00030000 
0.00030000 0.99250000 0.00030000 0.00030000 0.00030000 0.00030000 0.00030000 0.00030000 0.00030000 0.00030000 0.00030000 0.00030000 0.00030000 0.00030000 0.00030000 0.00030000 0.00030000 0.00030000 0.00030000 0.00030000 0.00030000 0.00030000 0.00030000 0.00030000 0.00030000 0.00030000 
0.00030000 0.00030000 0.99250000 0.00030000 0.00030000 0.00030000 0.00030000 0.00030000 0.00030000 0.00030000 0.00030000 0.00030000 0.00030000 0.00030000 0.00030000 0.00030000 0.00030000 0.00030000 0.00030000 0.00030000 0.00030000 0.00030000 0.00030000 0.00030000 0.00030000 0.00030000 
0.00030000 0.00030000 0.00030000 0.99250000 0.00030000 0.00030000 0.00030000 0.00030000 0.00030000 0.00030000 0.00030000 0.00030000 0.00030000 0.00030000 0.00030000 0.00030000 0.00030000 0.00030000 0.00030000 0.00030000 0.00030000 0.00030000 0.00030000 0.00030000 0.00030000 0.00030000 
0.00030000 0.00030000 0.00030000 0.00030000 0.99250000 0.00030000 0.00030000 0.00030000 0.00030000 0.00030000 0.00030000 0.00030000 0.00030000 0.00030000 0.00030000 0.00030000 0.00030000 0.00030000 0.00030000 0.00030000 0.00030000 0.00030000 0.00030000 0.00030000 0.00030000 0.00030000 
0.00030000 0.00030000 0.00030000 0.00030000 0.00030000 0.99250000 0.00030000 0.00030000 0.00030000 0.00030000 0.00030000 0.00030000 0.00030000 0.00030000 0.00030000 0.00030000 0.00030000 0.00030000 0.00030000 0.00030000 0.00030000 0.00030000 0.00030000 0.00030000 0.00030000 0.00030000 
0.00030000 0.00030000 0.00030000 0.00030000 0.00030000 0.00030000 0.99250000 0.00030000 0.00030000 0.00030000 0.00030000 0.00030000 0.00030000 0.00030000 0.00030000 0.00030000 0.00030000 0.00030000 0.00030000 0.00030000 0.00030000 0.00030000 0.00030000 0.00030000 0.00030000 0.00030000 
0.00030000 0.00030000 0.00030000 0.00030000 0.00030000 0.00030000 0.00030000 0.99250000 0.00030000 0.00030000 0.00030000 0.00030000 0.00030000 0.00030000 0.00030000 0.00030000 0.00030000 0.00030000 0.00030000 0.00030000 0.00030000 0.00030000 0.00030000 0.00030000 0.00030000 0.00030000 
0.00030000 0.00030000 0.00030000 0.00030000 0.00030000 0.00030000 0.00030000 0.00030000 0.99250000 0.00030000 0.00030000 0.00030000 0.00030000 0.00030000 0.00030000 0.00030000 0.00030000 0.00030000 0.00030000 0.00030000 0.00030000 0.00030000 0.00030000 0.00030000 0.00030000 0.00030000 
0.00030000 0.00030000 0.00030000 0.00030000 0.00030000 0.00030000 0.00030000 0.00030000 0.00030000 0.99250000 0.00030000 0.00030000 0.00030000 0.00030000 0.00030000 0.00030000 0.00030000 0.00030000 0.00030000 0.00030000 0.00030000 0.00030000 0.00030000 0.00030000 0.00030000 0.00030000 
0.00030000 0.00030000 0.00030000 0.00030000 0.00030000 0.00030000 0.00030000 0.00030000 0.00030000 0.00030000 0.99250000 0.00030000 0.00030000 0.00030000 0.00030000 0.00030000 0.00030000 0.00030000 0.00030000 0.00030000 0.00030000 0.00030000 0.00030000 0.00030000 0.00030000 0.00030000 
0.00030000 0.00030000 0.00030000 0.00030000 0.00030000 0.00030000 0.00030000 0.00030000 0.00030000 0.00030000 0.00030000 0.99250000 0.00030000 0.00030000 0.00030000 0.00030000 0.00030000 0.00030000 0.00030000 0.00030000 0.00030000 0.00030000 0.00030000 0.00030000 0.00030000 0.00030000 
0.00030000 0.00030000 0.00030000 0.00030000 0.00030000 0.00030000 0.00030000 0.00030000 0.00030000 0.00030000 0.00030000 0.00030000 0.99250000 0.00030000 0.00030000 0.00030000 0.00030000 0.00030000 0.00030000 0.00030000 0.00030000 0.00030000 0.00030000 0.00030000 0.00030000 0.00030000 
0.00030000 0.00030000 0.00030000 0.00030000 0.00030000 0.00030000 0.00030000 0.00030000 0.00030000 0.00030000 0.00030000 0.00030000 0.00030000 0.99250000 0.00030000 0.00030000 0.00030000 0.00030000 0.00030000 0.00030000 0.00030000 0.00030000 0.00030000 0.00030000 0.00030000 0.00030000 
0.00030000 0.00030000 0.00030000 0.00030000 0.00030000 0.00030000 0.00030000 0.00030000 0.00030000 0.00030000 0.00030000 0.00030000 0.00030000 0.00030000 0.99250000 0.00030000 0.00030000 0.00030000 0.00030000 0.00030000 0.00030000 0.00030000 0.00030000 0.00030000 0.00030000 0.00030000 
0.00030000 0.00030000 0.00030000 0.00030000 0.00030000 0.00030000 0.00030000 0.00030000 0.00030000 0.00030000 0.00030000 0.00030000 0.00030000 0.00030000 0.00030000 0.99250000 0.00030000 0.00030000 0.00030000 0.00030000 0.00030000 0.00030000 0.00030000 0.00030000 0.00030000 0.00030000 
0.00030000 0.00030000 0.00030000 0.00030000 0.00030000 0.00030000 0.00030000 0.00030000 0.00030000 0.00030000 0.00030000 0.00030000 0.00030000 0.00030000 0.00030000 0.00030000 0.99250000 0.00030000 0.00030000 0.00030000 0.00030000 0.00030000 0.00030000 0.00030000 0.00030000 0.00030000 
0.00030000 0.00030000 0.00030000 0.00030000 0.00030000 0.00030000 0.00030000 0.00030000 0.00030000 0.00030000 0.00030000 0.00030000 0.00030000 0.00030000 0.00030000 0.00030000 0.00030000 0.99250000 0.00030000 0.00030000 0.00030000 0.00030000 0.00030000 0.00030000 0.00030000 0.00030000 
0.00030000 0.00030000 0.00030000 0.00030000 0.00030000 0.00030000 0.00030000 0.00030000 0.00030000 0.00030000 0.00030000 0.00030000 0.00030000 0.00030000 0.00030000 0.00030000 0.00030000 0.00030000 0.99250000 0.00030000 0.00030000 0.00030000 0.00030000 0.00030000 0.00030000 0.00030000 
0.00030000 0.00030000 0.00030000 0.00030000 0.00030000 0.00030000 0.00030000 0.00030000 0.00030000 0.00030000 0.00030000 0.00030000 0.00030000 0.00030000 0.00030000 0.00030000 0.00030000 0.00030000 0.00030000 0.99250000 0.00030000 0.00030000 0.00030000 0.00030000 0.00030000 0.00030000 
0.00030000 0.00030000 0.00030000 0.00030000 0.00030000 0.00030000 0.00030000 0.00030000 0.00030000 0.00030000 0.00030000 0.00030000 0.00030000 0.00030000 0.00030000 0.00030000 0.00030000 0.00030000 0.00030000 0.00030000 0.99250000 0.00030000 0.00030000 0.00030000 0.00030000 0.00030000 
0.00030000 0.00030000 0.00030000 0.00030000 0.00030000 0.00030000 0.00030000 0.00030000 0.00030000 0.00030000 0.00030000 0.00030000 0.00030000 0.00030000 0.00030000 0.00030000 0.00030000 0.00030000 0.00030000 0.00030000 0.00030000 0.99250000 0.00030000 0.00030000 0.00030000 0.00030000 
0.00030000 0.00030000 0.00030000 0.00030000 0.00030000 0.00030000 0.00030000 0.00030000 0.00030000 0.00030000 0.00030000 0.00030000 0.00030000 0.00030000 0.00030000 0.00030000 0.00030000 0.00030000 0.00030000 0.00030000 0.00030000 0.00030000 0.99250000 0.00030000 0.00030000 0.00030000 
0.00030000 0.00030000 0.00030000 0.00030000 0.00030000 0.00030000 0.00030000 0.00030000 0.00030000 0.00030000 0.00030000 0.00030000 0.00030000 0.00030000 0.00030000 0.00030000 0.00030000 0.00030000 0.00030000 0.00030000 0.00030000 0.00030000 0.00030000 0.99250000 0.00030000 0.00030000 
0.00030000 0.00030000 0.00030000 0.00030000 0.00030000 0.00030000 0.00030000 0.00030000 0.00030000 0.00030000 0.00030000 0.00030000 0.00030000 0.00030000 0.00030000 0.00030000 0.00030000 0.00030000 0.00030000 0.00030000 0.00030000 0.00030000 0.00030000 0.00030000 0.99250000 0.00030000 
0.00030000 0.00030000 0.00030000 0.00030000 0.00030000 0.00030000 0.00030000 0.00030000 0.00030000 0.00030000 0.00030000 0.00030000 0.00030000 0.00030000 0.00030000 0.00030000 0.00030000 0.00030000 0.00030000 0.00030000 0.00030000 0.00030000 0.00030000 0.00030000 0.00030000 0.99250000 
